TUNE={}  GT={"evenPer":1,"evenStep":0.12}  반복=15  챕터 1~20
챕 | 목표      | 각 런 시도수                | 평균  | 판정
  1 |  1~  2   |     1    1    2    5    2    1    3    4    2    1    1    2    1    1    3 |    2.0 | 11/15
  2 |  1~  2   |    15    7    2   20   17   22    3    6   34   10   27    5   12    2    8 |   12.7 | 2/15
  3 |  1~  2   |    38   38   62   30    1   35    2   32   18   20   19   30   45   51   41 |   30.8 | 2/15
  4 |  1~  2   |     9   14    3   13   10    7   31    7    7   12    2    3    2    5    1 |    8.4 | 3/15
  5 |  1~  2   |     6    6   19   28    5   21   24    3    2    3   21    2    6   30   10 |   12.4 | 2/15
  6 |  2~  5   |   116   72   48  131  103   84   62    2   77  110   47   39  111   59   96 |   77.1 | 1/15
  7 |  2~  5   |    43   18   35    2   27    7   29   63   68   20   20    1   31   16   11 |   26.1 | 1/15
  8 |  2~  5   |    30   33   80   22   79   53   88   65   26   71   79   68   34    8   74 |   54.0 | 0/15
  9 |  2~  5   |     2   54    1   24   18   15    3   29    3    3   26   19   17   76    1 |   19.4 | 4/15
 10 | 10~400   |    80  144   17   61   31   90   29   60  347   89    6  252  179   58   66 |  100.6 | 14/15
 11 |  3~ 10   |     9   59  113   38   87  110  208   24  138    1    6  275   44   18   17 |   76.5 | 2/15
 12 |  3~ 10   |   136   36  116  110  102   38   12   34    2    4    1   26    2  137   34 |   52.7 | 1/15
 13 |  3~ 10   |     1    1    2    1    1    2   18  105    1    4    2    1    2    2    1 |    9.6 | 1/15
 14 |  3~ 10   |    13    7   19    2    1    8    1   48    3    5    3    1    6   19    2 |    9.2 | 6/15
 15 |  3~ 10   |     3    4   12    1    1    3    2    1    1    9   14    1    3    1   25 |    5.4 | 5/15
 16 |  3~ 10   |    12    2   23    1    1   22    1    1    3    8   45   22    9    1   92 |   16.2 | 3/15
 17 |  3~ 10   |     1    6    1   13    1   11    7    3   18    2    7   12    5    6    2 |    6.3 | 6/15
 18 |  3~ 10   |    18   21   18   22    2   11   71    3    1    6    1   24   21    1    1 |   14.7 | 2/15
 19 |  3~ 10   |     3    4   18   18    2    8   15    2    2    3    1   10   17    1    1 |    7.0 | 5/15
 20 | 10~ 30   |     5    9    5    1    3   14    1   10    2    1    6    1    1    3    1 |    4.2 | 2/15
하니스 참고 — 챕터6 통과 시점 슬롯 최저레벨 중앙값 2 (각 런 2,1,1,2,1,2,1,1,1,2,2,1,2,2,2) · 장비 희귀/희귀/전설/희귀/전설/전설 | 희귀/희귀/전설/전설/영웅/영웅 | 전설/영웅/일반/희귀/희귀/전설 | 희귀/전설/전설/희귀/영웅/전설 | 영웅/전설/영웅/전설/전설/희귀 | 전설/희귀/전설/전설/희귀/일반 | 전설/전설/일반/영웅/희귀/전설 | —/영웅/전설/희귀/일반/희귀 | 전설/전설/희귀/전설/희귀/영웅 | 희귀/전설/희귀/전설/영웅/신화 | 전설/희귀/영웅/전설/일반/전설 | 영웅/희귀/희귀/전설/희귀/영웅 | 전설/전설/영웅/전설/희귀/영웅 | 전설/희귀/희귀/희귀/전설/영웅 | 희귀/희귀/희귀/전설/전설/희귀
하니스 참고 — 챕터8 통과 시점 슬롯 최저레벨 중앙값 2 (각 런 2,2,2,2,2,2,3,2,2,2,2,2,2,2,2) · 장비 전설/희귀/전설/신화/전설/전설 | 전설/희귀/전설/전설/영웅/영웅 | 전설/영웅/신화/전설/전설/전설 | 희귀/전설/신화/희귀/영웅/전설 | 전설/전설/영웅/신화/전설/희귀 | 전설/영웅/전설/전설/희귀/희귀 | 전설/전설/영웅/영웅/신화/전설 | 희귀/영웅/전설/전설/전설/전설 | 전설/전설/전설/전설/전설/영웅 | 전설/전설/영웅/전설/영웅/신화 | 전설/희귀/전설/전설/영웅/전설 | 전설/전설/희귀/전설/영웅/영웅 | 전설/전설/신화/전설/전설/영웅 | 전설/희귀/희귀/희귀/전설/영웅 | 신화/희귀/영웅/전설/전설/희귀
총 시도수(런별): 541, 536, 596, 543, 494, 562, 610, 502, 755, 382, 334, 794, 548, 495, 487  (환산 18일, 18일, 20일, 18일, 16일, 19일, 20일, 17일, 25일, 13일, 11일, 26일, 18일, 17일, 16일)
구간 적합 셀: 73/300 (24%)
