TUNE={}  GT={}  반복=15  챕터 1~20
챕 | 목표      | 각 런 시도수                | 평균  | 판정
  1 |  1~  2   |     1    1    1    4    2    1    2    3    5    1    1    3    1    1    1 |    1.9 | 11/15
  2 |  1~  2   |     8    5    1    1    7    7   20    7   11   32   12   12    8   22   12 |   11.0 | 2/15
  3 |  1~  2   |    21   34   26    4    5   67   24   60   59   17   43   48   37    5   64 |   34.3 | 0/15
  4 |  1~  2   |    40   29    2   82   48    3    1    5    5   10    2    3   12   39    9 |   19.3 | 3/15
  5 |  1~  2   |    15    4   76   12   77    6    9    9   29   39    2   34    1    2    6 |   21.4 | 3/15
  6 |  2~  5   |   128  177  136   93   46  158   76  121   48  169  108  110   93  123   69 |  110.3 | 0/15
  7 |  2~  5   |     3   55    3   46   61    1   26   38   64   19   71   10   69    3    9 |   31.9 | 3/15
  8 |  2~  5   |    33    7    3    1    3    9   84    2   41   56    8   26   18    1   74 |   24.4 | 3/15
  9 |  2~  5   |    17    7    2    2   18   19   31   19    2   40    2    2  140   53    3 |   23.8 | 6/15
 10 | 10~400   |   383  217  208   27  400  158  294  400  141  123  333  234  236  276  314 |  249.6 | 15/15 OK
 11 |  3~ 10   |     5   88    2  130   16    2   77   28    4    1    3   54    6 |   32.0 | 4/13
 12 |  3~ 10   |    88   99  105    8   11    5    1   90   89    4  134  145  155 |   71.8 | 3/13
 13 |  3~ 10   |     1    6   42   26   26   19    1    6   18    1    3    1    2 |   11.7 | 3/13
 14 |  3~ 10   |    74   31   60   48   10   21    5   37    4    8   10   14    2 |   24.9 | 5/13
 15 |  3~ 10   |    40    8    1    2    2    7   19   22    7    6    9   11    3 |   10.5 | 6/13
 16 |  3~ 10   |     2   28    1   18   25   98   21   54   20   18   50    1   28 |   28.0 | 0/13
 17 |  3~ 10   |     6    6    4    8    1    5   13   50   25   22   45    3   25 |   16.4 | 6/13
 18 |  3~ 10   |     7    9   45    2    1    2   21    4    3   10    5   21    1 |   10.1 | 6/13
 19 |  3~ 10   |     1    5   37   10    7    4    3    2    6    4   22   10    1 |    8.6 | 8/13
 20 | 10~ 30   |     1    3   14    4    2    3    3    1    1    3    8    2    1 |    3.5 | 1/13
하니스 참고 — 챕터6 통과 시점 슬롯 최저레벨 중앙값 2 (각 런 2,2,2,2,2,2,1,2,2,2,2,2,1,2,1) · 장비 전설/전설/전설/영웅/영웅/전설 | 전설/신화/영웅/전설/희귀/영웅 | 신화/영웅/전설/전설/전설/희귀 | 영웅/전설/희귀/전설/희귀/전설 | 영웅/전설/전설/희귀/영웅/희귀 | 희귀/신화/영웅/전설/영웅/전설 | 영웅/전설/희귀/영웅/전설/희귀 | 영웅/전설/영웅/희귀/전설/전설 | 영웅/전설/전설/희귀/희귀/전설 | 희귀/전설/희귀/전설/신화/전설 | 전설/영웅/전설/일반/전설/영웅 | 전설/전설/영웅/영웅/영웅/전설 | 전설/일반/영웅/전설/신화/희귀 | 전설/희귀/전설/전설/전설/희귀 | 영웅/전설/영웅/전설/일반/희귀
하니스 참고 — 챕터8 통과 시점 슬롯 최저레벨 중앙값 2 (각 런 2,2,2,2,2,2,2,2,2,2,2,2,2,2,2) · 장비 전설/전설/전설/신화/영웅/전설 | 전설/신화/영웅/전설+1/영웅/영웅 | 신화/영웅/전설/전설/전설/희귀 | 신화/전설/영웅/전설/희귀/전설 | 영웅/전설/전설/신화/전설/희귀 | 희귀/신화/영웅/전설/영웅/전설 | 영웅/전설/영웅/신화/전설/전설 | 전설/전설/신화/희귀/전설/전설 | 영웅/전설/전설/전설/신화/전설 | 희귀/전설/전설/전설/신화/전설 | 전설/신화/전설/희귀/전설/영웅 | 신화/전설/영웅/영웅/전설/전설 | 전설/영웅/전설/전설/신화/영웅 | 전설/영웅/전설/전설/전설/희귀 | 신화/전설/전설/전설/희귀/영웅
총 시도수(런별): 874, 819, 769, 528, 667, 530, 733, 664, 569, 800, 759, 559, 904, 787, 785  (환산 29일, 27일, 26일, 18일, 22일, 18일, 24일, 22일, 19일, 27일, 25일, 19일, 30일, 26일, 26일)
구간 적합 셀: 88/300 (29%)
