TUNE={}  GT={"slotCostBase":450}  반복=15  챕터 1~20
챕 | 목표      | 각 런 시도수                | 평균  | 판정
  1 |  1~  2   |     2    1    2    1    5    3    3    1    1    1    1    1    1    2    2 |    1.8 | 12/15
  2 |  1~  2   |     2    1   30   20   19   24    3   14   26    2    8    8    6   25   40 |   15.2 | 3/15
  3 |  1~  2   |    70   53   28   31   27   10   46   71   25   88   54   44  105   47   15 |   47.6 | 0/15
  4 |  1~  2   |    16   34    6   17    7   22   10   13    8    5    2   26   10   20   14 |   14.0 | 1/15
  5 |  1~  2   |    22   17    4    6   28    6   10    7    1   47   13    9   22   13   22 |   15.1 | 1/15
  6 |  2~  5   |    98  137  163   82  156   51   77   32   42  109  164   72   12  109   75 |   91.9 | 0/15
  7 |  2~  5   |    32    2   10   85    1   21   94  104   82   32   28   13   86   28   77 |   46.3 | 1/15
  8 |  2~  5   |     1   28    3    8    9  115   15    1   64   18    4   70    3   36    1 |   25.1 | 3/15
  9 |  2~  5   |     1    1    2    1    2    2    4    4    3   20   58   29    1   24    3 |   10.3 | 7/15
 10 | 10~400   |    16  400   89  109   64  111  128  235  230  400  167  211  306  301   43 |  187.3 | 15/15 OK
 11 |  3~ 10   |    64   46   52    1  151    5    4    1    3    6    1   11   82   78 |   36.1 | 4/14
 12 |  3~ 10   |    24  147   71  122   28   17   18    1   11   10    1  172   19  113 |   53.9 | 1/14
 13 |  3~ 10   |    30    1    2    1    1   70    7    1    5   13   44    8   16    1 |   14.3 | 3/14
 14 |  3~ 10   |   142    6    1    1   38    2   23    3    9   10   20   61    1    1 |   22.7 | 4/14
 15 |  3~ 10   |     1   18    2    1   27    2    2    1    6   34    1    2    4    1 |    7.3 | 2/14
 16 |  3~ 10   |     1   16    2    7  106    2   25    4   57   26   40    4    1    1 |   20.9 | 3/14
 17 |  3~ 10   |     6    5    1   27    5    3   13    1   28   11   22    3    1    1 |    9.1 | 5/14
 18 |  3~ 10   |     1    5   18    4    1    6    6    8   11    3   43   18    2    5 |    9.4 | 7/14
 19 |  3~ 10   |    10    1    1    1    1    5   14   12    1    1    3    1   11    2 |    4.6 | 3/14
 20 | 10~ 30   |     8   10   11    1    1    1    3    7   26    1   10    6    8    1 |    6.7 | 4/14
하니스 참고 — 챕터6 통과 시점 슬롯 최저레벨 중앙값 2 (각 런 2,2,2,2,2,1,2,2,1,2,2,2,2,2,2) · 장비 희귀/전설/전설/전설/전설/영웅 | 영웅/전설/신화/전설/전설/전설 | 전설+1/전설/영웅/영웅/희귀/영웅 | 영웅/영웅/영웅/전설/희귀/전설 | 신화/영웅/전설/희귀/희귀/전설 | 전설/영웅/희귀/영웅/전설/일반 | 전설/희귀/영웅/일반/전설/전설 | 전설/영웅/희귀/영웅/전설/희귀 | 희귀/영웅/일반/희귀/전설/전설 | 영웅/영웅/전설/전설/영웅/신화 | 희귀/전설/전설/신화/전설/영웅 | 전설/희귀/영웅/전설/희귀/전설 | 전설/희귀/희귀/전설/영웅/영웅 | 전설/희귀/전설/희귀/전설/희귀 | 영웅/영웅/전설/전설/전설/영웅
하니스 참고 — 챕터8 통과 시점 슬롯 최저레벨 중앙값 2 (각 런 2,2,2,2,2,2,2,2,2,3,2,2,2,2,2) · 장비 신화/전설/전설/전설/전설/영웅 | 영웅/전설/신화/전설/전설/전설 | 신화/전설/영웅/영웅/희귀/전설 | 전설/영웅/신화/전설/영웅/전설 | 신화/영웅/전설/전설/희귀/전설 | 전설/전설/영웅/신화/전설/영웅 | 신화/희귀/영웅/영웅/전설/전설 | 전설/신화/영웅/영웅/전설/전설 | 전설/영웅/신화/희귀/전설/전설 | 영웅/영웅/전설/전설/전설/신화 | 희귀/전설/전설/신화/전설/영웅 | 전설/전설/영웅/전설/신화/전설 | 전설/전설/신화/전설/영웅/영웅 | 전설/영웅/전설/영웅/전설+1/신화 | 영웅/영웅/전설/전설/전설/신화
총 시도수(런별): 547, 674, 592, 521, 484, 724, 503, 597, 521, 879, 614, 668, 838, 750, 496  (환산 18일, 22일, 20일, 17일, 16일, 24일, 17일, 20일, 17일, 29일, 20일, 22일, 28일, 25일, 17일)
구간 적합 셀: 79/300 (26%)
