TUNE={}  GT={"slotG":1.6,"slotCostG":1.72}  반복=15  챕터 1~20
챕 | 목표      | 각 런 시도수                | 평균  | 판정
  1 |  1~  2   |     1    2    3    1    1    2    1    1    1    1    1    3    1    2    1 |    1.5 | 13/15
  2 |  1~  2   |     1   10   28    7   14   25   20    3   12    1   34    1    5   26    9 |   13.1 | 3/15
  3 |  1~  2   |    48   28   22   21   12    7   51   55   38   41   21   21   29   30    2 |   28.4 | 1/15
  4 |  1~  2   |    17   14   34   24    1   79    1    1    1   21   31   34   47   30   40 |   25.0 | 4/15
  5 |  1~  2   |    35    5   16   22    6   21    4    2    8   33   62    4    2   24   25 |   17.9 | 2/15
  6 |  2~  5   |   140   87   44   29   54   61  101   23   97  145   96  180  112  198   73 |   96.0 | 0/15
  7 |  2~  5   |     1    5    4   87   57   28   73  199   47    2   11    1   53   29   96 |   46.2 | 3/15
  8 |  2~  5   |    16  104  182   54   29  119    2    8    7   13    7    5    7  158  164 |   58.3 | 2/15
  9 |  2~  5   |     4    4   52    2   84    9   38   88  169   84   51    2    1   33   41 |   44.1 | 4/15
 10 | 10~400   |   234   99   98   38  224  279  339  162  123  382  400  235  143  269   34 |  203.9 | 15/15 OK
 11 |  3~ 10   |     8   42    2    8    1   22   63    2    2    3   28   72    4  141 |   28.4 | 4/14
 12 |  3~ 10   |   182   83   31   12    2  163    5  265    7   32   89   24   97  100 |   78.0 | 2/14
 13 |  3~ 10   |     8    5   20  180   89    8   72    2    1   19   17    9   94    1 |   37.5 | 4/14
 14 |  3~ 10   |    61    5  123   10   17  104   47   27   55    9   52   28   80  166 |   56.0 | 3/14
 15 |  3~ 10   |    15    5   11    2    1   16   58   11   20    9    4   12   15    4 |   13.1 | 4/14
 16 |  3~ 10   |    32   19   58   29   26   19   38    6   14  111   48    1   56   10 |   33.4 | 2/14
 17 |  3~ 10   |     3   61   32    5    1    4   49   65   30    2    2   19   15   56 |   24.6 | 3/14
 18 |  3~ 10   |    35    5    2   25   64   18    1   11    8   68    6   15   12    5 |   19.6 | 4/14
 19 |  3~ 10   |    10    1   36    4    5    2    1   14    3   20    1    3    1   85 |   13.3 | 5/14
 20 | 10~ 30   |     4    3    1   10   34   13    2   39   12    1    4    4   15   30 |   12.3 | 5/14
하니스 참고 — 챕터6 통과 시점 슬롯 최저레벨 중앙값 2 (각 런 3,2,2,2,2,2,2,1,2,3,3,3,2,3,2) · 장비 영웅/신화/전설/전설/전설/영웅 | 전설/희귀/전설/전설/희귀/영웅 | 전설/영웅/희귀/전설/영웅/전설 | 전설/전설/영웅/영웅/희귀/영웅 | 영웅/희귀/—/전설/전설/영웅 | 전설/일반/영웅/전설/전설/전설 | 희귀/영웅/전설/전설/전설/희귀 | 전설/일반/영웅/전설/희귀/영웅 | 영웅/영웅/전설/희귀/영웅/전설 | 전설/신화/전설/영웅/전설/희귀 | 영웅/전설/전설/신화/일반/전설 | 희귀/신화/전설/희귀/희귀/전설 | 전설/전설/희귀/전설/전설/희귀 | 전설/신화/희귀/영웅/희귀/전설 | 희귀/영웅/희귀/전설/전설/전설
하니스 참고 — 챕터8 통과 시점 슬롯 최저레벨 중앙값 3 (각 런 3,3,4,4,3,5,3,4,3,3,3,3,3,4,4) · 장비 영웅/신화/전설/전설/전설/영웅 | 신화/희귀/전설/전설/희귀/전설 | 전설/전설/영웅/전설/신화/전설 | 신화/전설/전설/전설/전설/전설 | 영웅/전설/희귀/전설/전설/영웅 | 전설/전설/영웅/전설/전설/신화 | 희귀/신화/전설/전설/전설/희귀 | 전설/희귀/신화/전설/전설/영웅 | 영웅/영웅/전설/영웅/전설/전설 | 전설/신화/전설/영웅/전설/희귀 | 영웅/전설/전설/신화/영웅/전설 | 희귀/신화/전설/전설/희귀/전설 | 신화/전설/희귀/전설/전설/전설 | 전설+1/신화/영웅/전설/신화/전설 | 영웅/전설/전설/전설/전설/신화
총 시도수(런별): 855, 587, 799, 570, 722, 999, 966, 984, 655, 997, 714, 737, 587, 1188, 1083  (환산 29일, 20일, 27일, 19일, 24일, 33일, 32일, 33일, 22일, 33일, 24일, 25일, 20일, 40일, 36일)
구간 적합 셀: 83/300 (28%)
