override={}  반복=20
챕 | 목표      | 각 런 시도수                | 평균  | 판정
 1 |  1~  2   |    1   1   1   1   2   1   3   2   2   1   1   1   1   2   2   2   2   2   2   3 |   1.6 | 18/20
 2 |  1~  2   |    2   4   3   3   1   2   2   1   2   2   1   1   3   3   2   2   1   3   2   1 |   2.0 | 14/20
 3 |  1~  2   |    2   2   1   2   3   3   3   3   2   4   3   4   2   1   3   1   2   1   2   2 |   2.3 | 12/20
 4 |  1~  2   |    1   1   1   1   1   1   1   1   1   2   1   1   1   2   1   1   1   1   1   1 |   1.1 | 20/20 OK
 5 |  1~  2   |    1   1   1   1   1   1   1   1   1   1   1   1   1   1   1   1   1   1   1   1 |   1.0 | 20/20 OK
 6 |  2~  5   |    4   3   2   1   2   1   1   1   1   1   2   3   1   1   1   2   3   1   2   2 |   1.8 | 10/20
 7 |  2~  5   |    1   2   1   1   1   4   1   1   1   2   1   1   1   1   1   1   1   1   2   1 |   1.3 | 4/20
 8 |  2~  5   |    1   1   5   2   2   2   5   3   1   1   3   6   5   2   2   6   4   4   2   3 |   3.0 | 14/20
 9 |  2~  5   |    1   1   2   1   1   1   1   1   3   1   1   1   1   1   1   1   1   1   1   1 |   1.1 | 2/20
10 | 10~400   |   29  15  12  28  10  16  24  15  33  30  15  20  16  23  30  21  16  24  26  30 |  21.6 | 20/20 OK
11 |  3~ 10   |    3   3  11   2  21   4   6  15   5   4   9   3   6   8   4   5   6   5   3   3 |   6.3 | 16/20
12 |  3~ 10   |   11  22   4  13  15   8   5  10   4   5  20   5  12  12   7   3   9   3   5   5 |   8.9 | 13/20
13 |  3~ 10   |    3   3   6   4   1   5   1   4   4   2   3   2   4   1   2   3   3   3   2   3 |   3.0 | 13/20
14 |  3~ 10   |   16  17  22  21  27   6  18  26   4   4  23   9  17  16  17   3  21  17   8   7 |  14.9 | 7/20
15 |  3~ 10   |    7   1   9   2   2   4  10   4  14   1   3   7   5   3   9   8   2  14  17  11 |   6.7 | 11/20
16 |  3~ 10   |    4  14   6   7   1  28   7   3  13  40   3  20   2  17   8  29   5   3   6  10 |  11.3 | 11/20
17 |  3~ 10   |    9  13   7  13   6   4   9  13   2   5  15  15  16   6   3  14  33  14  19   5 |  11.1 | 9/20
18 |  3~ 10   |    4   4   4   1  10  10   4   3   7   8   6   7   2   5  11   3   1  12   5   4 |   5.5 | 15/20
19 |  3~ 10   |    4   1   2   5   4   1   3   1   2   4   3   3   5   3   4   3   2   2   5   2 |   3.0 | 12/20
20 | 10~ 30   |    3   8   4   8   4   8   8   2   9   1   3   8   4  12  15   1   6  14   4  10 |   6.6 | 4/20
하니스 참고 — 챕터6 통과 시점 4종 평균 강화레벨 중앙값: 4 (각 런 5,4,3,3,4,3,4,3,3,4,3,4,3,4,4,3,4,4,4,4)
하니스 참고 — 챕터8 통과 시점 4종 평균 강화레벨 중앙값: 6 (각 런 6,5,6,5,5,6,7,5,4,5,5,7,6,5,5,7,6,6,6,5)
구간 적합 셀: 245/400 (61%)
