TUNE={}  GT={"slotG":1.6,"slotCostG":1.72}  반복=12  챕터 1~20
챕 | 목표      | 각 런 시도수                | 평균  | 판정
  1 |  1~  2   |     1    2    1    1    1    3    4    5    1    1    4    1 |    2.1 | 8/12
  2 |  1~  2   |    17   19   13    7    8    9   27    4   20    3    3    3 |   11.1 | 0/12
  3 |  1~  2   |    35   11   40   52   90   54   30   56   29   31   22   61 |   42.6 | 0/12
  4 |  1~  2   |     1    9    1    1   12    4    3   12    1    3   35    1 |    6.9 | 5/12
  5 |  1~  2   |     9   16   11    7    2   12   30    1    2   13   16   12 |   10.9 | 3/12
  6 |  2~  5   |    22   80   37   49   89   52   63  165  199  118   83  117 |   89.5 | 0/12
  7 |  2~  5   |    34  105   35   65   24   99   33    3    7   23   20   47 |   41.3 | 1/12
  8 |  2~  5   |   125   33  166  136   85    9   60    1   64   77  115    1 |   72.7 | 0/12
  9 |  2~  5   |     1    3    5   15   64    1   66   13   12   67   21    2 |   22.5 | 3/12
 10 | 10~400   |   237  306  238  332  348   61  185  211  400  357  397   93 |  263.8 | 12/12 OK
 11 |  3~ 10   |     5   56   12   36   38  101    4   19   18    9   19 |   28.8 | 3/11
 12 |  3~ 10   |     8   70   74   78  120   79  222   99  141   47  126 |   96.7 | 1/11
 13 |  3~ 10   |   103    2  102    2   86   22    3    9   77   10    1 |   37.9 | 3/11
 14 |  3~ 10   |    48  117  171   35    1  131    2   46   91   66   16 |   65.8 | 0/11
 15 |  3~ 10   |    42    8   11   62    4    1    8   55   41   37   19 |   26.2 | 3/11
 16 |  3~ 10   |    24   49    6   73   10   16   10   22    4   54   34 |   27.5 | 4/11
 17 |  3~ 10   |    10   24   65   36   13   74   13    2   47   11   12 |   27.9 | 1/11
 18 |  3~ 10   |     7   27   10   13   28    1   12    1   43   52   11 |   18.6 | 2/11
 19 |  3~ 10   |     1   15    4   13    3    8   18    1   13    9    5 |    8.2 | 5/11
 20 | 10~ 30   |     6    2    8   13   12    8    8    9   36    8   27 |   12.5 | 3/11
하니스 참고 — 챕터6 통과 시점 슬롯 최저레벨 중앙값 2 (각 런 1,2,2,2,2,2,2,3,3,2,2,3) · 장비 일반/전설/영웅/영웅/희귀/영웅 | 희귀/희귀/전설/희귀/영웅/전설 | 일반/영웅/전설/희귀/희귀/전설 | 일반/전설/희귀/전설/전설/전설 | 전설/전설/영웅/전설/전설/전설 | 희귀/영웅/영웅/전설/전설/희귀 | 영웅/영웅/전설/전설/희귀/전설 | 신화/영웅/전설/전설/전설/희귀 | 전설/전설/희귀/희귀/전설/신화 | 전설/전설/전설/일반/희귀/전설 | 영웅/전설/전설/일반/전설/일반 | 전설/희귀/영웅/일반/전설/전설
하니스 참고 — 챕터8 통과 시점 슬롯 최저레벨 중앙값 4 (각 런 4,4,4,4,3,3,3,3,4,4,4,4) · 장비 전설/신화/영웅/전설/전설/영웅 | 신화/영웅/전설/희귀/전설/전설 | 전설/전설/전설/신화/희귀/전설 | 희귀/전설/영웅/신화/전설/전설 | 전설/전설/영웅/전설/전설/신화 | 신화/전설/영웅/전설/전설/희귀 | 전설/영웅/전설/전설/영웅/신화 | 신화/영웅/전설/전설/전설/희귀 | 전설/전설/영웅/희귀/전설/신화 | 전설/전설/전설/일반/전설/신화 | 영웅/전설/신화/영웅/전설/전설 | 신화/희귀/전설/일반/전설/전설
총 시도수(런별): 736, 954, 1010, 1026, 1038, 745, 801, 734, 735, 1204, 1019, 608  (환산 25일, 32일, 34일, 34일, 35일, 25일, 27일, 24일, 25일, 40일, 34일, 20일)
구간 적합 셀: 57/240 (24%)
