TUNE={}  GT={}  반복=12  챕터 1~20
챕 | 목표      | 각 런 시도수                | 평균  | 판정
  1 |  1~  2   |     1    2    1    1    1    3    4    5    1    1    4    1 |    2.1 | 8/12
  2 |  1~  2   |    17   19   13    7    8    9   27    4   20    3    3    3 |   11.1 | 0/12
  3 |  1~  2   |    35   11   40   52   58   54   30   56   29   31   22   61 |   39.9 | 0/12
  4 |  1~  2   |     1    9    1    1    3    4    3   12    1    3   47    1 |    7.2 | 5/12
  5 |  1~  2   |     9   16   11    7    6   12   39    8    2   13   36   15 |   14.5 | 1/12
  6 |  2~  5   |    22   65   74   38  130   52   20  157  110   94   56  161 |   81.6 | 0/12
  7 |  2~  5   |    22  120  105   27   36  108   38    1   79   79   75    1 |   57.6 | 0/12
  8 |  2~  5   |    66    2   36  123   23    3   73    1   40   41   14    1 |   35.3 | 2/12
  9 |  2~  5   |    73    2    4    7  129    1   63    2   29   36    4    1 |   29.3 | 4/12
 10 | 10~400   |    22   72  237  381   94    8  219   98  400  210  237   16 |  166.2 | 11/12
 11 |  3~ 10   |    81  100   16   23    1   24   12   81   49   61   61 |   46.3 | 0/11
 12 |  3~ 10   |    71   95    5   70  234   67    8   34   90   92   54 |   74.5 | 2/11
 13 |  3~ 10   |    62   29  100    1   16    1   79   15   27   14   45 |   35.4 | 0/11
 14 |  3~ 10   |     2   66   12   34   23   53   44   70   63   10   33 |   37.3 | 1/11
 15 |  3~ 10   |     2    1   19    1   15   53   15    4   24   26    1 |   14.6 | 1/11
 16 |  3~ 10   |    13    1   74   27   16    3   19   11  121   23    1 |   28.1 | 1/11
 17 |  3~ 10   |    15    1   90    3   63   13   29   21    2    7    2 |   22.4 | 2/11
 18 |  3~ 10   |    67    7    1   10    7   26    1   13    5   18    8 |   14.8 | 5/11
 19 |  3~ 10   |     2    1    6   20    8    3    2    4   13   36   12 |    9.7 | 4/11
 20 | 10~ 30   |     2   50    1   40   11    9    1    2   15    9   13 |   13.9 | 3/11
하니스 참고 — 챕터6 통과 시점 슬롯 최저레벨 중앙값 1 (각 런 1,1,1,1,2,1,1,2,2,1,1,2) · 장비 일반/전설/영웅/영웅/희귀/영웅 | 희귀/희귀/전설/희귀/영웅/전설 | 희귀/영웅/전설/희귀/희귀/전설 | 일반/전설/희귀/영웅/전설/전설 | 전설/전설/영웅/전설/전설/전설 | 희귀/영웅/영웅/전설/전설/희귀 | 희귀/희귀/전설/영웅/희귀/전설 | 신화/영웅/전설/전설/전설/희귀 | 전설/희귀/희귀/희귀/전설/전설 | 전설/전설/전설/일반/희귀/전설 | 영웅/전설/전설/일반/전설/일반 | 신화/희귀/전설/일반/전설/전설
하니스 참고 — 챕터8 통과 시점 슬롯 최저레벨 중앙값 2 (각 런 2,2,2,2,2,2,2,2,2,2,2,2) · 장비 전설/전설/영웅/전설/희귀/영웅 | 신화/희귀/전설/희귀/전설/전설 | 희귀/전설/전설/신화/희귀/전설 | 희귀/전설/영웅/신화/전설/전설 | 전설/전설/영웅/전설/전설/신화 | 신화/전설/영웅/전설/전설/희귀 | 영웅/영웅/전설/전설/영웅/전설 | 신화/영웅/전설/전설/전설/희귀 | 전설/전설/영웅/희귀/전설/신화 | 전설/전설/전설/일반/전설/신화 | 영웅/전설/신화/희귀/전설/희귀 | 신화/희귀/전설/일반/전설/전설
총 시도수(런별): 585, 669, 846, 873, 882, 506, 726, 599, 711, 920, 794, 491  (환산 20일, 22일, 28일, 29일, 29일, 17일, 24일, 20일, 24일, 31일, 26일, 16일)
구간 적합 셀: 50/240 (21%)
